Место	Регион	2015	2017	2019	2021	2022	2023
1 (=)	г. Москва	4,78	6,6	7,5	10,65	10,43	11,01
2 (=)	Республика Татарстан	2,83	3,6	3,8	5,42	6,1	6,43
3 (↑1)	Московская область	1,15	1,24	1,05	2,37	3,98	4,83
4 (↓1)	Республика Мордовия	4,2	5,94	5,03	4,49	5,33	4,15
5 (↑1)	г. Санкт-Петербург	4,22	3,77	3,45	4,84	3,81	3,7
6 (↑4)	Ямало-Ненецкий АО	0,93	0,56	0,37	1,1	1,99	3,26
7 (↓2)	Удмуртская Республика	3,16	4,61	4,05	4,08	3,84	3,17
8 (=)	Ненецкий автономный округ	2,31	0	0	0	2,25	2,25
9 (=)	Вологодская область	2,27	1,69	2,31	1,56	2,02	1,93
10 (↓3)	Кировская область	3,37	3,02	1,89	2,08	2,27	1,62
11 (↑15)	Томская область	1,58	0,56	0,84	0,93	0,84	1,59
12 (↓1)	Челябинская область	1,92	2,06	1,58	1,68	1,96	1,58
13 (=)	Калининградская область	1,24	0,71	1,6	1,57	1,27	1,56
14 (↓2)	Новосибирская область	1,89	1,94	1,22	1,97	1,91	1,55
15 (↑62)	Магаданская область	2,03	1,37	0,71	0	0	1,45
16 (=)	Чувашская Республика	3,47	2,02	1,23	1,57	1,09	1,42
17 (↑16)	Ярославская область	1,65	1,89	1,43	1,29	0,65	1,39
18 (↑40)	Мурманская область	0,26	0,53	0,67	0,68	0,41	1,24
19 (↑4)	Тюменская область	0,56	0,16	0,46	0,74	0,87	1,22
20 (↓3)	Республика Коми	0,58	1,29	0,96	0,74	1	1,12
21 (↑9)	Нижегородская область	1,13	1,23	0,84	0,85	0,73	1,08
22 (↑15)	Ивановская область	0,58	0,59	0,9	1,11	0,61	1,02
23 (↑2)	Свердловская область	0,97	1,02	0,9	0,86	0,84	1,01
24 (↑49)	Псковская область	0,77	0,62	0,32	0,64	0,16	0,98
25 (↑9)	Камчатский край	0,63	0,64	0,32	0,64	0,64	0,96
26 (↑2)	Пензенская область	0,59	0,75	0,83	0,7	0,79	0,94
27 (↑4)	Архангельская область	1,32	1,03	0,96	0,89	0,72	0,93
28 (↓9)	Республика Башкортостан	1,15	0,86	0,74	1,17	0,9	0,9
29 (↑35)	Республика Марий Эл	1,75	1,75	1,03	0,44	0,3	0,89
30 (↓8)	Калужская область	0,49	0,89	0,89	0,8	0,88	0,89
31 (↑5)	Курганская область	1,03	0,59	1,2	0,24	0,62	0,87
32 (↓11)	Ленинградская область	0,62	0,39	0,49	0,69	0,89	0,84
33 (↓1)	Ульяновская область	1,27	1,04	0,73	1,15	0,67	0,83
34 (↑18)	Тверская область	0,76	0,46	0,32	0,32	0,49	0,81
35 (↑19)	Костромская область	0,31	0,62	0,63	0,64	0,48	0,81
36 (↓7)	г. Севастополь	0	0,93	1,13	0,58	0,75	0,77
37 (↑10)	Пермский край	1,1	1,03	1,3	0,62	0,55	0,74
38 (↑7)	Рязанская область	0,7	0,18	0,81	0,64	0,55	0,74
39 (↑11)	Республика Саха (Якутия)	0,84	0,93	0,93	0,71	0,5	0,71
40 (↓22)	Хабаровский край	0,45	0,9	1,51	1,3	0,92	0,69
41 (↑8)	Краснодарский край	0,55	0,59	0,39	0,3	0,53	0,67
42 (↓28)	Сахалинская область	0,41	0,21	0,61	0,82	1,24	0,62
43 (↑10)	Алтайский край	0,38	0,21	0,39	0,44	0,49	0,62
44 (↑19)	Республика Бурятия	0	0,2	0	0	0,31	0,61
45 (↑15)	Красноярский край	0,7	0,42	0,45	0,63	0,35	0,6
46 (↑19)	Саратовская область	0,28	0,52	0,53	0,38	0,3	0,59
47 (↓3)	Ростовская область	0,28	0,45	0,36	0,48	0,55	0,55
48 (↓7)	Белгородская область	1,49	1,03	0,84	0,39	0,59	0,52
49 (↓9)	Брянская область	0,41	0,41	0,33	0,25	0,6	0,51
50 (↓35)	Новгородская область	1,62	0,82	1	0,84	1,2	0,51
51 (↓24)	Самарская область	1,21	0,84	0,66	0,86	0,8	0,51
52 (↓4)	Ханты-Мансийский АО - Югра	0,68	0,61	0,66	0,53	0,53	0,47
53 (↓18)	Оренбургская область	0,65	0,9	0,61	0,57	0,62	0,47
54 (↑20)	Кабардино-Балкарская Республика	0,12	0,58	0,46	0,34	0,11	0,46
55 (=)	Владимирская область	0	0,58	0,51	0,45	0,45	0,45
56 (↑21)	Республика Алтай	0,47	0	0	0,45	0	0,45
57 (↓37)	Липецкая область	1,04	1,64	1,31	1,15	0,9	0,45
58 (↓34)	Республика Адыгея	0,45	0,44	0,66	0,86	0,85	0,43
59 (↓17)	Орловская область	0,78	0,26	0,41	1,24	0,56	0,42
60 (↓21)	Ставропольский край	0,86	0,61	0,61	0,43	0,61	0,4
61 (↑5)	Приморский край	0,31	0	0,11	0,16	0,27	0,38
62 (↑15)	Республика Калмыкия	0,36	0	0	0	0	0,37
63 (↓6)	Омская область	0,86	0,71	0,57	0,47	0,43	0,37
64 (↑7)	Кемеровская область	0,66	0,59	0,3	0,23	0,19	0,35
65 (↓4)	Иркутская область	1,16	0,91	0,58	0,55	0,34	0,34
66 (↓15)	Республика Карелия	0,79	0,48	0,81	0,49	0,5	0,33
67 (↓11)	Воронежская область	1,16	0,26	0,69	0,39	0,44	0,31
68 (↓25)	Тульская область	1,26	0,93	0,95	0,9	0,56	0,28
69 (↓10)	Курская область	0,18	1,07	0,72	0,55	0,37	0,28
70 (↓3)	Амурская область	0,12	0,25	0,13	0	0,26	0,26
71 (↓25)	Смоленская область	0,52	0,21	0,64	0,33	0,55	0,22
72 (↓34)	Тамбовская область	0,85	0,38	0,79	0,7	0,61	0,2
73 (↓1)	Республика Хакасия	0,56	0	0,19	0	0,19	0,19
74 (↓5)	Республика Крым	0	0,21	0,16	0,05	0,21	0,11
76 (=)	Республика Дагестан	0,03	0	0,1	0,03	0,1	0,06
